0 12605
1 12405
2 12423
3 12717
4 13008
5 13011
6 12795
7 12652
8 12622
9 12793
10 13113
11 13255
12 13021
13 12869
14 12876
15 12782
16 12683
17 12676
18 12784
19 12902
20 13211
21 14046
22 15022
23 15463
24 15413
25 15339
26 15205
27 14887
28 14781
29 14797
30 14739
31 14747
32 14562
33 14132
34 13704
35 13279
36 12797
37 12355
38 12256
39 12301
40 12341
41 12450
42 12638
43 12924
44 12928
45 12658
46 12456
47 12212
48 11878
49 11692
50 11585
51 11248
52 10876
53 10575
54 10481
55 10695
56 10806
57 10793
58 10772
59 10823
60 11006
61 11172
62 11577
63 12045
64 12134
65 12086
66 11928
67 11636
68 11468
69 11330
70 11111
71 10959
72 10925
73 10696
74 10282
75 9903
76 9624
77 9430
78 9318
79 9260
80 9116
81 9129
82 9332
83 9597
84 9941
85 10235
86 10202
87 10001
88 9936
89 9840
90 9805
91 10003
92 10176
93 9918
94 9421
95 9320
96 9471
97 9727
98 10025
99 10121
100 10114
101 10194
102 10317
103 10432
104 10551
105 10584
106 10646
107 10903
108 11106
109 11097
110 10939
111 10853
112 10884
113 10677
114 10341
115 10105
116 10051
117 9978
118 9670
119 9422
120 8588
121 6584
122 4888
123 4403
124 4439
125 4068
126 3670
127 3691
