127 15990
127 15779
127 15377
127 14898
127 14550
127 14376
127 14407
127 14671
127 15110
127 15576
127 16037
127 16468
127 16742
127 16900
127 17077
127 17211
127 17371
127 17678
127 17927
127 17940
127 17793
127 17570
127 17293
127 17041
127 16867
127 16578
127 16197
127 15819
127 15292
127 14543
127 14075
127 14106
127 14344
127 14642
127 14897
127 15121
127 15374
127 15655
127 15949
127 16151
127 16147
127 15835
127 15343
127 14906
127 14462
127 13939
127 13468
127 13032
127 12456
127 11906
127 11400
127 10815
127 10297
127 10013
127 9995
127 10156
127 10441
127 10862
127 11351
127 11995
127 12688
127 13210
127 13483
127 13445
127 13249
127 13105
127 13064
127 13123
127 13304
127 13624
127 13566
127 12999
127 12522
127 12219
127 12008
127 11940
127 11880
127 11781
127 11847
127 12156
127 12783
127 13954
127 15487
127 16701
127 17303
127 17618
127 17926
127 18250
127 18538
127 18901
127 19427
127 19993
127 20529
127 21200
127 21916
127 22310
